4.964252553389043587e-01	4.741720829464561859e-01	5.192200557103063829e-01	5.169452181987000960e-01	5.097028783658309470e-01	4.831631073970906742e-01	4.590374497059733772e-01	4.349582172701950133e-01	4.276849272670999458e-01	3.773135252243887683e-01	3.856700711853915942e-01	3.695914577530176603e-01	3.742804085422469784e-01	3.692664809656452940e-01	4.019189105540080797e-01
4.797585886722377513e-01	5.125502940266171148e-01	4.225781491798203948e-01	4.057412565769111801e-01	3.665583410708758150e-01	3.834726090993500480e-01	3.927731352522438879e-01	3.777468276075518494e-01	3.716032188177035289e-01	3.904054472299597345e-01	3.683534509439801985e-01	3.092231507273290325e-01	3.341380377592076956e-01	3.282265552460538194e-01	2.909780253791395821e-01
5.357319715258432868e-01	5.949396471680594711e-01	6.061590838749613130e-01	5.900804704425874903e-01	5.834726090993500591e-01	5.421386567626121922e-01	5.201176106468585747e-01	5.082946456205509334e-01	5.173630454967502734e-01	5.344320643763540435e-01	5.176415970287836510e-01	5.045187248529866553e-01	5.224233983286908911e-01	5.539151965335809003e-01	5.363664500154752268e-01
5.019189105540080575e-01	5.129216960693284699e-01	5.794645620550913367e-01	5.831476323119777483e-01	6.089755493655214513e-01	6.092386258124420362e-01	6.149025069637883423e-01	5.525379139585268051e-01	5.749613122872176962e-01	5.896316929743112834e-01	5.651965335809346902e-01	5.636490250696378768e-01	5.597647787062829394e-01	5.659548127514701932e-01	5.332404828226555704e-01
7.235376044568243570e-01	7.115598885793872341e-01	7.349427421850819320e-01	7.373723305478180334e-01	7.365366759517177897e-01	7.375580315691736555e-01	7.360105230578767310e-01	7.156298359640977935e-01	7.073816155988857934e-01	7.003095017022593627e-01	7.080160940885174004e-01	7.170690188796037257e-01	7.041627978953884925e-01	7.140978025379138838e-01	6.985917672547199420e-01
5.680594243268337618e-01	5.844011142061281694e-01	6.200247601361807970e-01	6.083101207056639259e-01	5.856081708449396572e-01	5.814144227793253128e-01	5.982048901268957053e-01	5.919220055710305850e-01	5.780099040544722788e-01	5.456515010832558854e-01	5.371402042711235225e-01	5.780872794800371306e-01	5.286908077994428856e-01	5.730424017332095277e-01	5.464407304240173069e-01
6.826060043330238747e-01	6.939801918910555312e-01	6.512999071494892656e-01	6.307025688641287875e-01	6.144537294955121354e-01	5.120860414732281152e-01	5.330238316310740299e-01	5.762612194367069396e-01	5.184153512844320577e-01	5.103218817703496502e-01	4.538997214484680187e-01	4.854224698235840574e-01	4.584803466419065665e-01	4.036675951717734190e-01	3.624883936861652556e-01
4.955277004023522780e-01	5.407458991024450823e-01	5.608170844939648347e-01	6.048127514701331364e-01	5.781956050758279009e-01	5.823738780563293416e-01	5.610646858557721828e-01	5.919220055710306960e-01	5.779015784586813975e-01	5.865057257814918490e-01	6.460074280408543146e-01	5.954193748065613745e-01	6.095017022593625100e-01	5.757505416279788957e-01	6.056174558960073506e-01
4.448158464871556639e-01	4.420767564221602663e-01	4.215877437325905031e-01	5.482513153822345942e-01	5.568245125348190161e-01	5.511606313834725990e-01	5.432373878056329097e-01	5.346796657381616136e-01	5.581089445991952447e-01	5.542711234911792406e-01	5.586041473228102738e-01	5.394459919529557279e-01	5.128907458991024404e-01	5.036675951717733968e-01	5.196688331785824788e-01
6.984060662333642089e-01	6.932064376354070134e-01	6.941504178272980274e-01	7.371092541008975596e-01	7.391983905911483355e-01	7.326988548437016746e-01	7.374651810584957889e-01	7.184772516248839613e-01	7.007118539151964143e-01	6.888424636335500617e-01	6.951408232745280857e-01	6.767409470752089318e-01	7.126431445372949369e-01	7.032497678737232860e-01	6.814763231197771276e-01
5.459455277004024998e-01	5.836583101207056812e-01	5.389662643144537135e-01	5.527700402352213604e-01	5.364438254410398565e-01	5.415815536985453260e-01	5.388734138037758470e-01	5.425719591457753843e-01	5.513927576601671543e-01	5.121015165583411299e-01	5.329774063757350966e-01	5.993809965954812746e-01	6.052151036830702990e-01	6.369235530795418487e-01	6.344939647168059693e-01
5.540389972144847963e-01	5.561900340451872982e-01	5.857474466109563460e-01	6.407613741875580748e-01	6.446146703806870937e-01	6.630609718353450699e-01	6.558186320024759208e-01	6.271742494583720795e-01	5.697152584339214565e-01	5.518570102135561539e-01	5.512534818941504655e-01	5.265707211389663023e-01	4.887805632930981026e-01	5.158464871556793785e-01	5.309037449705973355e-01
5.432219127205200060e-01	6.054472299597647433e-01	5.831321572268647335e-01	5.864283503559269972e-01	5.804549675023212840e-01	5.322810275456515416e-01	4.807025688641287653e-01	4.777777777777778012e-01	4.535592695759826376e-01	4.609718353450944495e-01	4.599969049829774614e-01	5.171463943051687329e-01	5.221138966264313730e-01	5.207985143918291149e-01	5.938563912101517683e-01
5.066078613432374311e-01	5.234757041163725644e-01	5.597183534509438951e-01	5.958681522748374704e-01	6.180903744970597247e-01	6.748529866914267927e-01	6.825286289074590229e-01	6.901268956979262903e-01	6.902816465490561049e-01	6.792014856081708407e-01	6.442896935933147828e-01	6.239554317548746676e-01	6.428040854224698064e-01	6.465026307644692327e-01	6.647632311977715869e-01
6.077839678118229783e-01	6.654905601980811714e-01	6.626895697926340478e-01	7.101516558341071095e-01	7.053234292788611581e-01	7.047044258743424550e-01	6.912256267409471189e-01	6.919993809965954146e-01	7.100433302383162282e-01	7.083720210461157407e-01	6.969823584029712915e-01	7.155988857938717640e-01	7.081244196843083927e-01	7.181367997523986357e-01	7.332250077375426223e-01
6.660631383472610523e-01	6.231816774992262609e-01	6.425564840606623473e-01	6.413339523367378447e-01	6.279325286289074715e-01	6.174868461776539252e-01	6.337975858867224144e-01	6.167904673475704813e-01	6.192974311358712125e-01	5.667749922624574221e-01	5.982822655524605571e-01	6.499690498297739927e-01	6.456050758279170410e-01	6.733364283503558978e-01	6.893221912720519651e-01
5.340606623336427994e-01	5.645156298359641500e-01	6.246518105849583335e-01	5.380687093779015218e-01	5.553698545341999582e-01	5.662178891983906670e-01	5.430516867842772877e-01	4.972609099350046025e-01	4.700247601361807748e-01	4.679975239863819469e-01	4.606932838130609609e-01	4.773754255648406386e-01	4.423862581244196734e-01	4.856855462705044202e-01	4.593469514082327843e-01
6.109563602599814569e-01	5.177963478799134656e-01	5.899876199319096237e-01	5.177963478799133545e-01	5.198700092850510046e-01	4.817858248220365236e-01	4.522748375116063535e-01	4.290157845868152742e-01	3.822965026307645342e-01	3.805787681832249469e-01	3.513772825750541839e-01	4.147322810275456129e-01	4.260909935004642546e-01	4.104456824512534574e-01	3.510213556174558436e-01
4.974620860414732393e-01	5.187712782420302871e-01	4.910399257195914302e-01	5.269421231816775464e-01	6.029866914268027234e-01	6.152739090064995864e-01	6.235376044568244902e-01	6.211853915196533515e-01	5.758124419684308437e-01	5.438718662952646277e-01	5.094862271742494064e-01	5.048282265552460624e-01	4.922779325286289476e-01	4.734757041163726310e-01	5.242339832869080674e-01
6.462550294026616626e-01	6.458836273599505295e-01	6.489631692974311417e-01	6.616836892602908637e-01	6.724388734138037060e-01	6.673939956669762141e-01	6.681367997523987023e-01	6.558186320024760319e-01	6.274682760755184718e-01	6.231352522438873276e-01	6.399876199319094461e-01	6.555555555555555580e-01	6.423553079541937105e-01	6.674249458372021326e-01	6.572887650882078825e-01
6.633859486227173807e-01	6.790003095017022039e-01	6.597183534509440950e-01	6.785205818632001895e-01	6.246982358402971558e-01	6.082327452800990741e-01	6.006809037449705180e-01	5.703961621788919967e-01	5.707830393067161445e-01	5.726245744351594613e-01	6.431135871247291025e-01	6.790312596719281224e-01	7.197307335190343824e-01	7.025688641287526348e-01	6.872640049520273298e-01
5.410244506344784599e-01	5.331166821417517854e-01	5.136180748994119138e-01	5.057412565769111579e-01	4.885639121015165620e-01	4.688950789229340832e-01	4.476168368926028984e-01	4.288765088207985299e-01	4.335035592695759554e-01	4.167749922624574554e-01	4.379913339523366922e-01	4.440111420612813942e-01	4.488084184463014825e-01	4.910244506344784710e-01	4.903280718043949715e-01
6.837511606313835255e-01	6.907458991024451045e-01	6.058805323429279355e-01	6.282110801609408490e-01	5.781337047353760639e-01	5.271742494583719907e-01	5.221293717115443878e-01	4.916589291241101889e-01	4.378520581863200589e-01	4.790312596719281668e-01	5.072268647477561343e-01	5.114825131538223157e-01	4.731971525843392534e-01	4.576756422160321858e-01	4.082482203652119668e-01
4.710615908387495998e-01	4.998761993190962150e-01	4.998452491488703520e-01	4.929433611884865840e-01	5.611420612813370346e-01	5.250077375425564741e-01	5.114206128133704787e-01	4.954967502321262485e-01	5.386567626121944174e-01	5.993190962550294376e-01	5.955122253172392410e-01	5.565459610027855275e-01	5.631538223460229586e-01	5.473537604456825134e-01	5.597028783658309914e-01
6.376354069947385295e-01	6.348034664190653764e-01	6.481894150417827349e-01	6.530640668523677306e-01	6.871711544413494632e-01	6.939492417208295016e-01	6.899257195914577645e-01	6.744661095636026449e-01	6.595326524295883619e-01	6.445063447848963234e-01	6.791705354379449222e-01	7.174249458372021770e-01	7.047199009594553587e-01	7.135252243887342249e-01	6.946765707211390861e-01
6.118229650263076191e-01	6.426029093160012806e-01	5.999226245744352370e-01	6.080779944289693706e-01	6.242804085422469784e-01	6.283194057567316193e-01	6.267099969049829689e-01	5.739399566697617194e-01	5.876044568245124555e-01	5.991024450634478971e-01	6.064840606623336239e-01	7.306251934385639135e-01	7.131847725162488993e-01	6.810584958217270612e-01	6.416125038687712223e-01
5.398328690807798758e-01	5.389972144846797431e-01	5.661714639430516227e-01	5.217579696688332547e-01	5.137573506654287137e-01	5.196843082636954936e-01	5.179820489012689766e-01	4.622098421541318558e-01	4.642989786443825762e-01	4.558341070875889800e-01	4.677499226245743769e-01	4.447848963169297454e-01	4.346641906530485100e-01	4.488703187867533195e-01	4.334261838440112147e-01
5.595326524295883841e-01	6.184927267099968873e-01	4.898173939956670386e-01	4.883163107397091030e-01	5.177189724543485028e-01	4.172237697307335513e-01	4.480191891055400610e-01	4.388888888888888840e-01	3.875425564840606629e-01	4.040235221293717593e-01	3.921077065923863625e-01	4.545341999380996811e-01	4.823738780563292528e-01	4.096874032807180654e-01	3.669142680284741553e-01
4.502166511915814961e-01	4.498761993190962816e-01	4.618848653667594895e-01	5.000928505106778665e-01	5.047818012999071291e-01	4.755338904363973773e-01	4.581089445991953224e-01	4.324512534818941711e-01	4.613741875580316121e-01	4.776694521819870309e-01	4.943361188486536939e-01	4.888115134633240211e-01	4.436552151036830538e-01	4.577220674713710635e-01	4.990250696378830120e-01
4.326369545032497932e-01	4.466728567007118289e-01	4.399257195914578200e-01	4.689569792633859757e-01	5.403435468895079197e-01	5.438254410399256944e-01	5.466264314453729289e-01	5.744351593933766376e-01	4.947539461467038158e-01	5.060971835345093872e-01	4.842308882698854733e-01	4.854069947384710426e-01	4.716651191581553437e-01	4.528783658310120419e-01	4.686165273909006501e-01
