5.936750911933298402e-01	5.796964564877540305e-01	6.312532569046378494e-01	6.795726941115163289e-01	7.236907243355914510e-01	7.352853048462741903e-01	7.536737884314747005e-01	7.830250130276186216e-01	8.053478374153203445e-01	8.343408025013028251e-01	8.396690984887962284e-01	8.401836894215737317e-01	8.474596143824908445e-01	8.500977071391350171e-01	8.396039603960395725e-01
6.003308128544423417e-01	5.855995139076424216e-01	6.360653524169592732e-01	7.036051849851471252e-01	7.304617877396705206e-01	7.661490683229813525e-01	7.957399405887117805e-01	8.251957871995678762e-01	8.471982176613557236e-01	8.736227383202809227e-01	8.695922225222793012e-01	8.752295436132864204e-01	8.731568998109641155e-01	8.583445854712394851e-01	8.421280043208209110e-01
6.428462681697900694e-01	6.143400877224780565e-01	6.732373944249103737e-01	7.498314423460326061e-01	7.848914343712617425e-01	7.944104107006924043e-01	8.071700438612391393e-01	8.241708050893538084e-01	8.540761953093849446e-01	8.764345525066155052e-01	8.824156305506216658e-01	8.830971109580599832e-01	8.833218544966832120e-01	8.754848298111429505e-01	8.423677819262695987e-01
5.679139784946236613e-01	5.638853046594981544e-01	6.085232974910393944e-01	6.968028673835126030e-01	7.301935483870968246e-01	7.499713261648746077e-01	7.798996415770609314e-01	8.065161290322581111e-01	8.286523297491039663e-01	8.700215053763442619e-01	8.677132616487455152e-01	8.702293906810035784e-01	8.723727598566308750e-01	8.718279569892473102e-01	8.507168458781361187e-01
5.649189570119803605e-01	5.537350246652572583e-01	6.265468639887245006e-01	6.979633544749823670e-01	7.149330514446794460e-01	7.217899929527836766e-01	7.481606765327695197e-01	7.803594080338265293e-01	8.111909795630726228e-01	8.456025369978859008e-01	8.505708245243127630e-01	8.617688513037350395e-01	8.620718816067654000e-01	8.606483439041580086e-01	8.383720930232557711e-01
5.884630950221192425e-01	5.834670723027757244e-01	6.436007647543157129e-01	7.137474357006293735e-01	7.334593968488772875e-01	7.513571598029501475e-01	7.883388922226718387e-01	8.055109758990748325e-01	8.268068716245446925e-01	8.667192318963953257e-01	8.693847077047601735e-01	8.659447088211897903e-01	8.644514841536764527e-01	8.566364765479995702e-01	8.241274404454554947e-01
6.111275587886990657e-01	5.943509276490159809e-01	6.238651102464332077e-01	7.012843286527942199e-01	7.169683640669937130e-01	7.495911577285288008e-01	7.698711441944398048e-01	8.052078046579822512e-01	8.277082275982632353e-01	8.602534822083121036e-01	8.708058422150791733e-01	8.823027688490385767e-01	8.916849940788360573e-01	8.874626402751930598e-01	8.505611007725708550e-01
5.898390097888521755e-01	5.850120001078661369e-01	6.484103227894184585e-01	7.104738020117036257e-01	7.372650540679017706e-01	7.641169808267939123e-01	7.918116117897691097e-01	8.097578405199148399e-01	8.236456058031980110e-01	8.511784375589892537e-01	8.560391554081385745e-01	8.572593910956503027e-01	8.662796968961518074e-01	8.593088477199795072e-01	8.442682630855108394e-01
5.941014799154333836e-01	5.769626497533473231e-01	6.362015503875968481e-01	7.106342494714588121e-01	7.290768146582100595e-01	7.484778012684989434e-01	7.769485553206483264e-01	7.881888653981676818e-01	8.118393234672303116e-01	8.596899224806202611e-01	8.551303735024664565e-01	8.552783650458068987e-01	8.539957716701902513e-01	8.520930232558140416e-01	8.429386892177591628e-01
6.369706662292572430e-01	6.196383170671696528e-01	6.391987205773803637e-01	7.071953853303807325e-01	7.341029005713660682e-01	7.550780502474097045e-01	7.772082342327564231e-01	8.112783290959292293e-01	8.275239891741164033e-01	8.713332786571530431e-01	8.761926241832744822e-01	8.769854287979441665e-01	8.700073812843434062e-01	8.655991142458787646e-01	8.391153394023893597e-01
5.930081016807965399e-01	5.922221177229306521e-01	6.361633234357575439e-01	6.803530881779951134e-01	7.261148208359644585e-01	7.497010573835467540e-01	7.885501618992596384e-01	8.137016485509680486e-01	8.427561837455830318e-01	8.643875371159090992e-01	8.669403055260717084e-01	8.708097650109499765e-01	8.680890513106449546e-01	8.694057423853605027e-01	8.402370043934488386e-01
6.250399872040947047e-01	6.245601407549584705e-01	6.359431648539134452e-01	7.101927383237363056e-01	7.402831094049904248e-01	7.602034015781616860e-01	7.733658562593304087e-01	7.967517061207081142e-01	8.264821923651098912e-01	8.623707080400937475e-01	8.726874066965237819e-01	8.829574536148432351e-01	8.822510130091705260e-01	8.721409149072298916e-01	8.563526338238430791e-01
5.898554371836814969e-01	5.594399239437407578e-01	6.272054917093086157e-01	6.845482761513296266e-01	7.235760422783323875e-01	7.422196124486200031e-01	7.799261806895395610e-01	8.057839107457428485e-01	8.240010625506807296e-01	8.556748594916533390e-01	8.554931074015044157e-01	8.553602885663953437e-01	8.487263372759557001e-01	8.457693705785309657e-01	8.328999245029778953e-01
5.911865198726746762e-01	5.713649505008323581e-01	6.379844055719418039e-01	7.037496714657009989e-01	7.297914902315800756e-01	7.606810150979761431e-01	7.882121893525684264e-01	8.078877434804192514e-01	8.157360628449610296e-01	8.687322956516660977e-01	8.748357328505096397e-01	8.820050813304908255e-01	8.835820459655988612e-01	8.796980404754255467e-01	8.504949916771311624e-01
6.124440693406210112e-01	6.102470326608258056e-01	6.561436647643543729e-01	6.858974358974359031e-01	7.278219864426761498e-01	7.486402486402485845e-01	7.806044530182461028e-01	7.954880368673472590e-01	8.269699649009993880e-01	8.622565174289311685e-01	8.625378452964660436e-01	8.628660611419233240e-01	8.660477453580901486e-01	8.617072582589824226e-01	8.375867427591565662e-01
6.066612710736773995e-01	6.124363845868940892e-01	6.398784619816457742e-01	7.113197711902768949e-01	7.197972537346191135e-01	7.496330539513573754e-01	7.837281718542092879e-01	7.959025501035679184e-01	8.026859078999710739e-01	8.551351870396026733e-01	8.611915115433681489e-01	8.666648376520940111e-01	8.644905965788282076e-01	8.519252664645605710e-01	8.458552243515000679e-01
5.958394838991853959e-01	5.967415668908205850e-01	6.573109726094801264e-01	7.086066918156470607e-01	7.373230003827018209e-01	7.672967579683996897e-01	7.895686403149089205e-01	8.201711224099283992e-01	8.334700125744903820e-01	8.569720080914109417e-01	8.696148378984198679e-01	8.795104149581760566e-01	8.876291618828933139e-01	8.892146410803125622e-01	8.763531244874528392e-01
6.028388870915561970e-01	6.054000862719723930e-01	6.327172975304647951e-01	7.222649088752290947e-01	7.454909414428987358e-01	7.769936913620186791e-01	7.942278658470829367e-01	8.129785398468671875e-01	8.325110535964628244e-01	8.802976383047557141e-01	8.865927962903052961e-01	8.857839965491210998e-01	8.781543189906179103e-01	8.727825407095870514e-01	8.397093712930010501e-01
6.083510656852827436e-01	5.905815048662224065e-01	6.364391111731257933e-01	6.807897582586247553e-01	7.025639236753060679e-01	7.449122684619945423e-01	7.734956570272438769e-01	8.008999895350052967e-01	8.210904524365996160e-01	8.643946000627900084e-01	8.622248578504900784e-01	8.712247532005442663e-01	8.698922105556912143e-01	8.658108626643875594e-01	8.334391460564412046e-01
5.780048542699218750e-01	5.685886584130479537e-01	6.178384221583145264e-01	7.090837395555011913e-01	7.457695105617764275e-01	7.743920264877249826e-01	8.116760828625233515e-01	8.178628974688448849e-01	8.335338949057360391e-01	8.697029649119227823e-01	8.720417168070597747e-01	8.785616675844908352e-01	8.831983791905471115e-01	8.739861442547607329e-01	8.563775180675382570e-01
6.110447599142260211e-01	6.171181564018348720e-01	6.453000732879129453e-01	7.172579463098178731e-01	7.437705274015362633e-01	7.616514209712005323e-01	7.912312369371081733e-01	8.118536413235253324e-01	8.228536141798539205e-01	8.623747998154231986e-01	8.647973724926032446e-01	8.627887408050813889e-01	8.606036752531148748e-01	8.579503813685839253e-01	8.430349339051600444e-01
5.777581592959417645e-01	5.679090683366899706e-01	6.303211300245536997e-01	6.880983253786521203e-01	7.127624355119044353e-01	7.534623555052831767e-01	7.852925759373189374e-01	7.939208762104450479e-01	8.205713576295969869e-01	8.689339807432340246e-01	8.699064750186222827e-01	8.732653736860981342e-01	8.768794658868319658e-01	8.798659199382017349e-01	8.583744861643720636e-01
6.034475582685905337e-01	6.099958379578246381e-01	6.550430077691453690e-01	7.300430077691454356e-01	7.648238068812430734e-01	7.847530521642618329e-01	8.004231409544950715e-01	8.221281908990011322e-01	8.430701997780244428e-01	8.781908990011098037e-01	8.820615982241953867e-01	8.872918978912320842e-01	8.872364039955604742e-01	8.840385682574916082e-01	8.767688679245283501e-01
5.922816473189607134e-01	5.780679933665008319e-01	6.169707020453288893e-01	6.921503593145383881e-01	7.268311221669430111e-01	7.496821448313986114e-01	7.589344941956881474e-01	7.928137092316198675e-01	8.116362631288004392e-01	8.459646213377556290e-01	8.573452183526810710e-01	8.565505804311773774e-01	8.558803206191265556e-01	8.541044776119403048e-01	8.203012714206743272e-01
6.081620592742240650e-01	6.064579081545005135e-01	6.430696709201728645e-01	7.022545644450858271e-01	7.272602334961897341e-01	7.395947143828979220e-01	7.612607969655116325e-01	7.971235578277569012e-01	8.141788121791833088e-01	8.418369099892116791e-01	8.505088402839336981e-01	8.489077628206449511e-01	8.538415551753283372e-01	8.545836855016595290e-01	8.383530204017124454e-01
5.969029070872126086e-01	5.918406123612279801e-01	6.397356206400477419e-01	6.887028039412611546e-01	7.417143942889714570e-01	7.616514209712005323e-01	7.763632908987269099e-01	7.982750196791618125e-01	8.224736027795119808e-01	8.519923454846503041e-01	8.610244021606361375e-01	8.695746586683313906e-01	8.625783773513204800e-01	8.511033902445644950e-01	8.229893325371189228e-01
5.917802560925237154e-01	5.966405066776814259e-01	6.510257469365277050e-01	7.077034283353984545e-01	7.527881040892193676e-01	7.772201569599338500e-01	8.069461654963514530e-01	8.266694203497176874e-01	8.440107393638991429e-01	8.740534214511909150e-01	8.857841112487953028e-01	8.912639405204461074e-01	8.925306347239432281e-01	8.909679195924548045e-01	8.713548120611317449e-01
6.307448712653174194e-01	6.264491257056312712e-01	6.389921520033043922e-01	6.940933498554315850e-01	7.160264353572902696e-01	7.378149524989673358e-01	7.798843453118545765e-01	8.111179953187388492e-01	8.416425719399697192e-01	8.764697783285143595e-01	8.786933773922621649e-01	8.734200743494423547e-01	8.759947680022028837e-01	8.687250447473494619e-01	8.535935563816603455e-01
5.870718697361032579e-01	5.954379562043795593e-01	6.430586749017406234e-01	7.067097136440202432e-01	7.258562605277931734e-01	7.425533408197640961e-01	7.712170129140931696e-01	7.989823133071307648e-01	8.224452554744525745e-01	8.706976417742839924e-01	8.734699606962381679e-01	8.816395283548568163e-01	8.872473329590118141e-01	8.847838293093767126e-01	8.742770915216171446e-01
5.420251623376624028e-01	5.357142857142856984e-01	5.987959956709956177e-01	6.791057900432900807e-01	7.217667748917748760e-01	7.384266774891774521e-01	7.787878787878788067e-01	7.873917748917746984e-01	8.023944805194804797e-01	8.489853896103896069e-01	8.518871753246753942e-01	8.508455086580085647e-01	8.503246753246752609e-01	8.429315476190476497e-01	8.317708333333332371e-01
