4.964252553389043587e-01	5.192200557103063829e-01	5.046734757041164698e-01	4.607087588981739201e-01	4.248375116063138890e-01	3.773135252243887683e-01	4.041627978953883926e-01	3.945372949551222419e-01	4.165428659857628446e-01	4.027700402352212827e-01	4.364438254410399898e-01	4.249458372021046593e-01	4.531104921077065972e-01	4.416434540389971852e-01	4.279634787991333233e-01
4.797585886722377513e-01	4.225781491798203948e-01	4.207520891364903148e-01	3.913184772516248855e-01	3.801918910554008546e-01	3.904054472299597345e-01	3.461002785515320257e-01	3.272825750541628054e-01	2.977870628288455390e-01	3.134787991333952695e-01	3.247910863509749224e-01	3.863819251005880528e-01	4.094243268337975361e-01	4.291395852677190037e-01	4.724388734138037504e-01
5.357319715258432868e-01	6.061590838749613130e-01	5.725936242649334318e-01	5.413339523367378670e-01	5.028628907458990716e-01	5.344320643763540435e-01	4.901268956979263347e-01	5.372175796966882633e-01	5.424017332095326660e-01	5.047199009594551811e-01	5.541318477251624408e-01	5.371711544413494410e-01	5.249303621169916223e-01	5.115753636645001823e-01	4.999071494893221890e-01
5.019189105540080575e-01	5.794645620550913367e-01	6.100588053234292651e-01	6.102445063447848872e-01	5.720674713710925952e-01	5.896316929743112834e-01	5.761528938409161693e-01	5.549984524914887141e-01	5.403125967192818901e-01	5.651501083255957569e-01	5.435314144227793021e-01	5.113122872175797085e-01	4.807644692045806023e-01	5.054781801299906840e-01	4.981429897864437795e-01
7.235376044568243570e-01	7.349427421850819320e-01	7.367842773135252488e-01	7.322036521200866455e-01	6.990405447229959268e-01	7.003095017022593627e-01	7.301764159702878176e-01	6.922779325286289032e-01	7.015475085112967690e-01	7.073197152584339564e-01	6.142680284741565133e-01	5.273135252243887905e-01	4.846641906530485544e-01	5.036056948313215598e-01	5.219436706901887657e-01
5.680594243268337618e-01	6.200247601361807970e-01	6.093779015784586139e-01	5.879913339523367144e-01	5.957753017641596038e-01	5.456515010832558854e-01	5.935933147632311835e-01	5.649798823893530386e-01	5.447229959764778862e-01	5.918601052305787480e-01	6.077994428969359930e-01	6.008511296812132363e-01	5.947384710615908343e-01	5.921386567626121256e-01	5.815846487155680311e-01
6.826060043330238747e-01	6.512999071494892656e-01	6.250386877127824814e-01	5.179510987310429471e-01	5.858557722067472273e-01	5.103218817703496502e-01	4.678582482203652582e-01	4.209842154131847591e-01	3.691891055400804422e-01	3.496285979572887337e-01	3.679046734757041026e-01	3.687558031569173611e-01	3.955277004023522447e-01	4.171928195605075773e-01	4.047972763850201661e-01
4.955277004023522780e-01	5.608170844939648347e-01	5.990560198081089638e-01	5.888734138037758914e-01	5.729650263076446759e-01	5.865057257814918490e-01	5.996440730424017485e-01	6.052924791086351508e-01	5.946301454658000640e-01	5.884865366759517435e-01	5.880841844630145809e-01	5.768956979263385465e-01	5.918755803156917628e-01	5.871402042711234559e-01	5.573661405137728675e-01
4.448158464871556639e-01	4.215877437325905031e-01	5.599969049829774947e-01	5.481275147013308091e-01	5.378211080160940627e-01	5.542711234911792406e-01	5.419529557412565701e-01	5.277004023522129383e-01	5.282265552460538860e-01	4.323274528009904416e-01	4.493500464252553339e-01	4.374961312287217186e-01	4.326369545032497932e-01	4.463014546580006403e-01	4.426338594862271325e-01
6.984060662333642089e-01	6.941504178272980274e-01	7.406839987619932009e-01	7.326988548437016746e-01	7.156917363045497416e-01	6.888424636335500617e-01	6.846641906530486210e-01	7.098576292169607171e-01	6.807954193748064764e-01	6.689415041782730276e-01	6.218972454348498102e-01	6.004178272980501552e-01	5.631847725162488771e-01	5.328071804394924893e-01	5.265552460538532875e-01
5.459455277004024998e-01	5.389662643144537135e-01	5.556948313215721580e-01	5.412875270813989337e-01	5.479727638502012166e-01	5.121015165583411299e-01	6.080160940885175336e-01	6.048591767254720697e-01	6.364438254410399454e-01	6.493964716805943338e-01	6.413958526771896818e-01	6.290003095017022705e-01	6.344939647168059693e-01	6.443825441039926494e-01	6.708294645620550556e-01
5.540389972144847963e-01	5.857474466109563460e-01	6.417982048901269554e-01	6.677653977096873472e-01	6.096874032807180210e-01	5.518570102135561539e-01	5.302228412256266843e-01	4.929743113587125025e-01	5.193283813060971532e-01	5.642525533890436762e-01	5.788146084803466040e-01	5.734602290312595940e-01	6.119622407923244189e-01	5.883782110801609733e-01	5.893840916125039353e-01
5.432219127205200060e-01	5.831321572268647335e-01	6.002630764469204516e-01	5.168214175177963110e-01	4.794336118848653294e-01	4.609718353450944495e-01	5.002940266171463923e-01	5.487000928505106900e-01	5.846177653977097100e-01	6.329774063757350744e-01	6.539306716186938928e-01	6.490869699783349267e-01	5.975549365521510836e-01	6.389043639740018543e-01	6.129526462395543662e-01
5.066078613432374311e-01	5.597183534509438951e-01	6.132621479418137733e-01	6.824203033116682526e-01	6.924636335499845252e-01	6.792014856081708407e-01	6.299442896935932845e-01	6.300990405447229881e-01	6.610027855153204346e-01	5.523676880222841978e-01	5.442896935933148050e-01	5.151810584958218531e-01	4.816465490560198348e-01	4.886877127824203471e-01	4.569792633859486308e-01
6.077839678118229783e-01	6.626895697926340478e-01	7.292788610337357369e-01	7.062674094707520611e-01	6.932528628907457247e-01	7.083720210461157407e-01	6.983905911482514162e-01	6.786753327143300041e-01	7.323893531414423785e-01	7.376663571649643147e-01	7.162333642835037040e-01	6.622253172392446041e-01	6.328226555246053708e-01	6.132311977715876328e-01	6.177499226245743991e-01
6.660631383472610523e-01	6.425564840606623473e-01	6.199938099659547674e-01	6.164035902197462224e-01	6.051222531723924325e-01	5.667749922624574221e-01	6.341380377592076290e-01	6.761528938409161471e-01	6.806716186939028024e-01	6.747910863509749557e-01	6.683379758588673392e-01	6.190343546889507387e-01	6.482048901268957497e-01	6.326679046734755563e-01	6.351593933766636058e-01
5.340606623336427994e-01	6.246518105849583335e-01	5.393840916125038909e-01	5.517796347879913021e-01	4.787836583101207077e-01	4.679975239863819469e-01	4.852677189724543538e-01	4.540699473847105705e-01	4.397554936552151572e-01	4.402816465490559938e-01	4.430826369545032839e-01	4.639121015165583728e-01	4.838285360569483107e-01	5.101052305787681096e-01	5.154750851129681344e-01
6.109563602599814569e-01	5.899876199319096237e-01	5.244196843082638004e-01	4.633859486227174251e-01	4.239244815846487380e-01	3.805787681832249469e-01	3.632311977715877438e-01	4.196378830083564715e-01	3.554781801299907174e-01	3.197307335190343047e-01	3.178427731352522212e-01	3.672392448158464662e-01	3.838904363974001699e-01	3.913030021665119262e-01	4.344630145465800397e-01
4.974620860414732393e-01	4.910399257195914302e-01	5.860259981429898346e-01	6.182141751779635097e-01	6.067780872794800162e-01	5.438718662952646277e-01	5.211389662643144405e-01	4.860105230578768420e-01	5.259052924791086658e-01	4.288455586505726114e-01	3.698545341999380787e-01	3.972763850201176394e-01	3.838285360569483329e-01	4.027855153203342975e-01	3.987774682760755751e-01
6.462550294026616626e-01	6.489631692974311417e-01	6.616836892602909748e-01	6.683225007737543244e-01	6.555710306406685728e-01	6.231352522438873276e-01	6.597338285360568877e-01	6.592231507273289548e-01	6.555091303002166248e-01	6.657072113896626009e-01	5.879139585267718626e-01	6.025379139585268495e-01	5.678427731352522212e-01	6.413803775920766670e-01	6.392757660167130984e-01
6.633859486227173807e-01	6.597183534509440950e-01	6.584184463014546296e-01	5.915970287836582742e-01	5.570566388115134604e-01	5.726245744351594613e-01	6.827917053543794967e-01	7.116527390900649896e-01	6.724233983286908023e-01	7.107706592386258126e-01	6.971525843392137878e-01	6.316774992262457200e-01	5.904518724852986233e-01	6.380532342927885958e-01	6.273599504797275905e-01
5.410244506344784599e-01	5.136180748994119138e-01	4.897864438254410091e-01	4.537604456824512744e-01	4.244661095636026449e-01	4.167749922624574554e-01	4.487000928505107122e-01	4.351284432064376761e-01	5.046270504487774256e-01	4.289074589910244484e-01	4.711699164345404256e-01	5.043330238316310332e-01	5.231043020736614313e-01	5.287681832250077374e-01	5.301454658000618325e-01
6.837511606313835255e-01	6.058805323429279355e-01	5.740328071804394749e-01	5.213865676261218995e-01	4.834261838440111481e-01	4.790312596719281668e-01	5.331321572268648001e-01	4.949086969978334638e-01	4.077839678118229116e-01	3.548901268956979882e-01	3.750386877127824259e-01	3.823429278861033564e-01	3.929743113587125247e-01	4.279944289693593529e-01	4.348653667595171468e-01
4.710615908387495998e-01	4.998452491488703520e-01	5.686320024760136427e-01	5.194212318167750198e-01	5.001547508511297035e-01	5.993190962550294376e-01	5.614206128133705231e-01	5.433147632311977615e-01	5.658464871556794229e-01	5.585267718972455331e-01	5.674404209223151696e-01	5.744196843082636228e-01	5.766635716496441022e-01	5.964407304240173513e-01	5.862890745899103084e-01
6.376354069947385295e-01	6.481894150417827349e-01	6.483596409780254533e-01	6.945218198700092715e-01	6.434230888269885096e-01	6.445063447848963234e-01	7.160631383472608746e-01	6.717579696688331659e-01	6.958372021046115297e-01	7.199783348808419525e-01	7.038532961931289744e-01	7.105849582172703016e-01	7.129526462395543440e-01	6.907923243577839267e-01	6.848653667595171468e-01
6.118229650263076191e-01	5.999226245744352370e-01	6.132466728567007586e-01	6.180903744970598357e-01	5.730424017332095277e-01	5.991024450634478971e-01	7.093005261528937400e-01	6.997523986381924965e-01	6.544258743423088109e-01	6.269111730114516057e-01	6.954658000619003966e-01	6.059269575982668687e-01	5.965800061900340401e-01	5.543020736614051591e-01	5.342463633549984214e-01
5.398328690807798758e-01	5.661714639430516227e-01	5.237852058186319715e-01	5.162952646239553633e-01	4.627514701330857072e-01	4.558341070875889800e-01	4.452800990405447190e-01	4.425564840606623362e-01	4.577530176415969265e-01	4.542246982358403296e-01	5.126740947075208998e-01	5.086815227483751922e-01	5.271587743732590869e-01	5.323584029712162824e-01	5.348653667595171246e-01
5.595326524295883841e-01	4.898173939956670386e-01	4.892757660167131317e-01	4.341999380996595104e-01	4.412256267409470634e-01	4.040235221293717593e-01	4.272670999690498239e-01	4.205818632002475965e-01	3.707830393067161889e-01	3.581089445991952891e-01	3.789848344165893113e-01	3.834571340142370333e-01	3.900804704425874236e-01	3.948777468276075120e-01	4.176106468585577547e-01
4.502166511915814961e-01	4.618848653667594895e-01	4.999226245744351482e-01	4.769730733519034205e-01	4.334571340142370777e-01	4.776694521819870309e-01	4.806716186939028468e-01	4.568090374497060235e-01	5.078303930671619337e-01	5.339832869080779476e-01	5.423553079541938438e-01	5.410089755493655561e-01	5.239863819251006083e-01	5.199009594552770341e-01	5.505106778087280883e-01
4.326369545032497932e-01	4.399257195914578200e-01	4.714175177963478847e-01	5.444289693593314938e-01	5.213556174558959810e-01	5.060971835345093872e-01	4.714020427112348699e-01	4.192510058805323236e-01	4.800990405447230214e-01	3.796347879913339884e-01	4.051532033426183954e-01	3.883782110801610177e-01	3.758898173939957399e-01	3.608789848344166051e-01	3.600742804085422799e-01
